100 25
101 25
102 25
103 87
104 12
105 38
106 12
107 100
108 113
109 113
110 113
111 69
112 20
113 12
114 33
115 33
116 20
117 20
118 33
119 33
120 20
121 95
122 20
123 46
124 108
125 108
126 108
127 46
128 7
129 121
130 28
131 28
132 28
133 28
134 28
135 41
136 15
137 90
138 15
139 41
140 15
141 15
142 103
143 103
144 23
145 116
146 116
147 116
148 23
149 23
150 15
151 15
152 23
153 36
154 23
155 85
156 36
157 36
158 36
159 54
160 10
161 98
162 23
163 23
164 111
165 111
166 111
167 67
168 10
169 49
170 10
171 124
172 31
173 31
174 31
175 80
176 18
177 31
178 31
179 31
180 18
181 18
182 93
183 93
184 18
185 44
186 18
187 44
188 106
189 106
190 106
191 44
192 13
193 119
194 119
195 119
196 26
197 26
198 26
199 119
200 26
201 18
202 26
203 39
204 26
205 26
206 88
207 88
208 13
209 39
210 39
211 39
212 13
213 13
214 101
215 101
216 114
217 26
218 114
219 52
220 114
221 114
222 70
223 70
224 21
225 52
226 13
227 13
228 34
229 34
230 34
231 127
232 21
233 83
234 21
235 127
236 34
237 34
238 34
239 52
240 21
241 21
242 96
243 96
244 21
245 21
246 47
247 47
248 109
249 47
250 109
251 65
252 109
253 109
254 47
255 47
256 8
257 122
258 122
259 122
260 29
261 29
262 29
263 78
264 29
265 122
266 29
267 21
268 29
269 29
270 42
271 42
272 16
273 29
274 91
275 91
276 16
277 16
278 42
279 42
280 16
281 42
282 16
283 60
284 104
285 104
286 104
287 42
288 24
289 29
290 117
291 117
292 117
293 117
294 117
295 55
296 24
297 73
298 24
299 117
300 16
301 16
302 16
303 42
304 24
305 37
306 37
307 37
308 24
309 24
310 86
311 86
312 37
313 130
314 37
315 37
316 37
317 37
318 55
319 55
320 11
321 24
322 99
323 99
324 24
325 24
326 24
327 143
328 112
329 50
330 112
331 24
332 112
333 112
334 68
335 68
336 11
337 112
338 50
339 50
340 11
341 11
342 125
343 125
344 32
345 125
346 32
347 125
348 32
349 32
350 81
351 81
352 19
353 125
354 32
355 32
356 32
357 32
358 32
359 50
360 19
361 45
362 19
363 45
364 94
365 94
366 94
367 45
368 19
369 19
370 45
371 45
372 19
373 19
374 45
375 45
376 107
377 63
378 107
379 58
380 107
381 107
382 45
383 45
384 14
385 32
386 120
387 120
388 120
389 120
390 120
391 120
392 27
393 58
394 27
395 76
396 27
397 27
398 120
399 120
400 27
401 19
402 19
403 19
404 27
405 27
406 40
407 40
408 27
409 40
410 27
411 133
412 89
413 89
414 89
415 133
416 14
417 133
418 40
419 40
420 40
421 40
422 40
423 32
424 14
425 58
426 14
427 53
428 102
429 102
430 102
431 40
432 115
433 27
434 27
435 27
436 115
437 115
438 53
439 53
440 115
441 27
442 115
443 53
444 71
445 71
446 71
447 97
448 22
449 115
450 53
451 53
452 14
453 14
454 14
455 40
456 35
457 128
458 35
459 128
460 35
461 35
462 128
463 128
464 22
465 35
466 84
467 84
468 22
469 22
470 128
471 128
472 35
473 35
474 35
475 27
476 35
477 35
478 53
479 53
480 22
481 48
482 22
483 22
484 97
485 97
486 97
487 141
488 22
489 48
490 22
491 141
492 48
493 48
494 48
495 97
496 110
497 22
498 48
499 48
500 110
