100 0
101 2
102 2
103 67
104 0
105 9
106 1
107 67
108 67
109 67
110 67
111 49
112 0
113 2
114 1
115 5
116 0
117 2
118 2
119 7
120 1
121 67
122 1
123 12
124 66
125 66
126 66
127 23
128 0
129 66
130 1
131 5
132 0
133 2
134 2
135 10
136 0
137 66
138 1
139 7
140 1
141 2
142 66
143 66
144 0
145 66
146 66
147 66
148 0
149 2
150 2
151 7
152 0
153 4
154 1
155 64
156 1
157 2
158 7
159 33
160 0
161 64
162 1
163 5
164 64
165 64
166 64
167 46
168 0
169 22
170 1
171 46
172 1
173 2
174 4
175 46
176 0
177 2
178 1
179 5
180 0
181 2
182 46
183 46
184 0
185 4
186 1
187 10
188 46
189 46
190 46
191 20
192 0
193 46
194 46
195 46
196 0
197 2
198 2
199 46
200 0
201 7
202 1
203 7
204 1
205 2
206 46
207 46
208 0
209 2
210 4
211 5
212 0
213 2
214 46
215 46
216 46
217 4
218 46
219 12
220 46
221 46
222 46
223 49
224 0
225 17
226 1
227 5
228 0
229 2
230 2
231 46
232 0
233 46
234 1
235 46
236 1
237 2
238 4
239 31
240 0
241 2
242 46
243 46
244 0
245 2
246 2
247 7
248 45
249 4
250 45
251 43
252 43
253 43
254 17
255 20
256 0
257 43
258 43
259 43
260 0
261 2
262 2
263 43
264 0
265 43
266 1
267 7
268 1
269 2
270 4
271 10
272 0
273 2
274 43
275 43
276 0
277 2
278 2
279 7
280 0
281 4
282 1
283 38
284 38
285 38
286 38
287 15
288 0
289 2
290 38
291 38
292 38
293 38
294 38
295 12
296 0
297 48
298 1
299 38
300 1
301 2
302 4
303 20
304 0
305 2
306 1
307 5
308 0
309 2
310 38
311 38
312 0
313 38
314 1
315 10
316 2
317 2
318 30
319 33
320 0
321 2
322 33
323 33
324 0
325 2
326 2
327 33
328 30
329 7
330 30
331 7
332 30
333 30
334 30
335 30
336 0
337 30
338 15
339 15
340 0
341 2
342 30
343 30
344 0
345 30
346 1
347 30
348 1
349 2
350 30
351 30
352 0
353 30
354 1
355 5
356 0
357 2
358 2
359 25
360 0
361 9
362 1
363 7
364 30
365 30
366 30
367 15
368 0
369 2
370 1
371 5
372 0
373 2
374 2
375 7
376 30
377 30
378 30
379 12
380 30
381 30
382 15
383 18
384 0
385 2
386 30
387 30
388 30
389 30
390 30
391 30
392 0
393 12
394 1
395 30
396 1
397 2
398 30
399 30
400 0
401 2
402 2
403 5
404 0
405 2
406 2
407 7
408 0
409 4
410 1
411 30
412 30
413 30
414 30
415 30
416 0
417 30
418 1
419 5
420 1
421 2
422 2
423 15
424 0
425 30
426 1
427 7
428 30
429 30
430 30
431 12
432 30
433 2
434 1
435 5
436 27
437 27
438 4
439 7
440 27
441 4
442 27
443 10
444 27
445 27
446 27
447 64
448 0
449 27
450 12
451 12
452 0
453 2
454 2
455 12
456 0
457 27
458 1
459 27
460 1
461 2
462 27
463 27
464 0
465 2
466 27
467 27
468 0
469 2
470 27
471 27
472 0
473 4
474 1
475 12
476 1
477 2
478 22
479 25
480 0
481 7
482 1
483 5
484 25
485 25
486 25
487 31
488 0
489 15
490 1
491 25
492 1
493 2
494 4
495 43
496 25
497 2
498 1
499 5
500 25
